0.7537956237792969
0.8123339414596558
0.8005093932151794
0.8941054344177246
0.9544548392295837
1.0
0.8777342438697815
0.8085028529167175
0.7443559169769287
0.8894429802894592
0.9354847073554993
0.7197843194007874
0.9606764912605286
0.8387289643287659
0.8198121786117554
0.7700933218002319
0.8285289406776428
0.8063139915466309
0.9640417695045471
0.767421305179596
0.890238344669342
0.8296233415603638
0.8335596919059753
0.8447245955467224
0.8082115054130554
0.7551962733268738
0.7812454700469971
0.9228560328483582
0.8754584789276123
0.8714808225631714
0.8180770874023438
0.8483625054359436
0.8168714046478271
0.7571121454238892
0.7947274446487427
0.8322378396987915
0.8377976417541504
0.8546894192695618
0.9508518576622009
0.9080546498298645
0.5848775506019592
0.809323251247406
1.0
1.0
0.8840883374214172
1.0
0.7914504408836365
0.6658787727355957
0.7162534594535828
0.8484394550323486
0.8583559393882751
0.8917696475982666
0.8841614723205566
0.8532989621162415
0.963299036026001
0.8271759748458862
0.6419414281845093
0.8917876482009888
0.9999996423721313
0.9410830736160278
0.8395779728889465
0.8923166990280151
1.0
0.9178138971328735
1.0000007152557373
0.9758034348487854
0.962727963924408
0.9522253274917603
