0.9194066524505615
1.0
0.7903552651405334
0.9144214391708374
0.6767346262931824
0.8002625703811646
0.8622763752937317
1.0
0.5533828735351562
0.7159475684165955
0.6224112510681152
0.872754693031311
0.791226863861084
0.9488388299942017
0.8631373643875122
0.9319820404052734
0.7543779611587524
0.7543779611587524
0.6906721591949463
0.9229633808135986
0.7298611402511597
0.91314297914505
0.5845992565155029
0.937804639339447
0.6916052103042603
0.7732353806495667
0.6616213917732239
1.0000007152557373
0.7297664880752563
0.880256175994873
0.7949947714805603
0.8029112815856934
0.8533286452293396
0.8882390856742859
0.6788867712020874
0.7691115140914917
0.6013405323028564
0.6566813588142395
0.93427973985672
1.0000007152557373
0.6184293627738953
0.8037917017936707
0.9214563965797424
0.9778719544410706
0.6340242624282837
0.6930768489837646
0.8338553309440613
0.9226289391517639
0.7666005492210388
0.8371202945709229
0.6917351484298706
0.6917351484298706
0.7431590557098389
0.8199167251586914
0.7680523991584778
0.8152715563774109
0.7326104640960693
0.9478096961975098
0.6251736879348755
0.8571262359619141
0.5942726731300354
0.6754681468009949
0.6694711446762085
0.9999996423721313
0.8405897617340088
0.911960244178772
0.8028939366340637
0.8646224141120911
0.5537781119346619
0.6584471464157104
0.8342476487159729
0.9032505750656128
0.7216490507125854
0.806086540222168
0.8120810985565186
0.8856430053710938
0.8220829963684082
0.8130325078964233
0.5282310843467712
0.7571216821670532
0.45354577898979187
0.7741677761077881
0.7374982237815857
0.7835025191307068
0.840460479259491
0.8551117777824402
0.5172152519226074
0.6968132853507996
0.5572817921638489
0.7034580111503601
0.7447320818901062
0.7847862839698792
0.8123025298118591
0.8123025298118591
0.8246907591819763
0.9031686186790466
0.6905714869499207
0.8185856342315674
0.7925946712493896
0.8910936713218689
0.7389931678771973
0.9035359025001526
0.6606473922729492
0.8100995421409607
0.7270612716674805
0.7578364610671997
0.7013217210769653
0.9086730480194092
0.7984695434570312
0.9082880616188049
0.7966023683547974
0.885768711566925
0.8117007613182068
0.8898717164993286
0.6686521172523499
0.7205613255500793
0.47106295824050903
0.5418292284011841
0.5625993609428406
0.66669100522995
0.9056909084320068
0.9483864307403564
0.819671630859375
0.9306601881980896
0.6445675492286682
0.8502137660980225
0.7773892879486084
0.8867084383964539
0.7882207632064819
1.0
0.5225815176963806
0.7845754623413086
0.8010433912277222
0.8492842316627502
0.6983346939086914
0.8519778251647949
0.9406638741493225
0.939367413520813
0.7733180522918701
0.8948262333869934
0.7634252905845642
0.9336062669754028
0.8318458199501038
0.9308928847312927
0.6754854917526245
0.7734999060630798
0.8231290578842163
0.9060045480728149
0.6169153451919556
0.7373107075691223
0.7971444725990295
0.9023320078849792
0.7639592289924622
0.9009581804275513
0.70880526304245
0.9232900142669678
0.7856540083885193
0.9363750219345093
0.44816747307777405
0.813409686088562
0.6865532398223877
0.7033835053443909
0.6618442535400391
0.8934683203697205
0.548101007938385
0.8011510968208313
0.648489773273468
0.8436092734336853
0.611883819103241
0.6617934107780457
0.6983901262283325
0.7865111231803894
0.7061371207237244
0.9294315576553345
0.5745055079460144
0.5943052172660828
0.4526519179344177
0.6429133415222168
0.8013838529586792
0.9058148860931396
0.7357391715049744
0.7599353194236755
0.4862528145313263
0.5767396092414856
0.6201446652412415
0.8476929068565369
0.7671507596969604
0.987284779548645
0.7691274285316467
0.9781332612037659
0.6253170371055603
0.7939321398735046
0.6627896428108215
0.9999992847442627
0.8080917596817017
0.8708024024963379
0.72264564037323
0.7054590582847595
0.9242626428604126
0.9103198051452637
