0.7200033068656921
0.3037312924861908
0.848114550113678
0.694710910320282
0.9487180709838867
0.3568260073661804
0.5925136208534241
0.40103164315223694
-0.12910719215869904
0.9476109147071838
0.5709216594696045
0.4508289098739624
0.46504050493240356
0.5030329823493958
0.5924072861671448
0.05665883421897888
0.7285621762275696
0.5049319267272949
0.55129075050354
0.8069722652435303
-0.2609139382839203
0.6282864212989807
0.5474385023117065
0.6229988932609558
0.7172189950942993
0.6326949596405029
0.582627534866333
0.5027525424957275
0.49494096636772156
0.6116959452629089
0.7206054329872131
0.9549679756164551
0.6493921279907227
0.6137205958366394
0.6729105710983276
0.7284566164016724
0.3175148665904999
0.5217286348342896
0.18511761724948883
0.7478956580162048
0.9329052567481995
0.14235571026802063
0.590864360332489
0.4871276021003723
0.32090556621551514
0.8254599571228027
0.5382339954376221
0.5195775628089905
0.5600156188011169
0.07443948090076447
0.647982656955719
0.5165014863014221
0.4242933690547943
0.6117810606956482
1.0
0.7461291551589966
0.9240995049476624
0.5084500908851624
0.4109156131744385
0.39809757471084595
0.31886041164398193
0.5012639760971069
0.17962099611759186
0.5100301504135132
0.5238472819328308
0.5735710263252258
0.22571463882923126
0.9556040167808533
0.5522573590278625
0.5735614895820618
0.24633294343948364
0.6033669710159302
0.25377795100212097
0.1970643699169159
0.7001517415046692
0.6682626008987427
0.6605424880981445
0.6470608711242676
0.5919856429100037
0.6088999509811401
0.5442741513252258
0.524041473865509
-0.20102402567863464
0.8914192914962769
0.673422634601593
0.7067424058914185
0.2798328399658203
0.322836309671402
0.6173853874206543
