0.31497880816459656
0.24490158259868622
0.1933417022228241
0.25827229022979736
0.19232282042503357
0.7200033068656921
0.47061267495155334
0.1928490400314331
0.3037312924861908
0.08008653670549393
0.25451359152793884
0.03145507723093033
0.2880660891532898
0.848114550113678
0.3657144010066986
0.3862755000591278
0.22405478358268738
0.12979762256145477
0.24986420571804047
0.34201157093048096
0.17865757644176483
0.25164979696273804
0.14994585514068604
-0.4200904071331024
-0.5699695348739624
-0.13018785417079926
-0.19262441992759705
-0.0778912827372551
-0.03361854702234268
0.3974195122718811
0.24727164208889008
0.694710910320282
0.2269570678472519
0.2806655764579773
0.29280906915664673
0.9487180709838867
0.3568260073661804
0.3035776615142822
0.43935006856918335
0.30241259932518005
0.190267413854599
0.16029880940914154
0.5925136208534241
0.31730756163597107
0.43761321902275085
0.40103164315223694
0.4336073100566864
-0.028723016381263733
-0.007693280465900898
-0.12910719215869904
0.007191083859652281
-0.11362527310848236
0.9476109147071838
0.4811111390590668
0.5709216594696045
0.4508289098739624
0.46504050493240356
0.48585939407348633
0.4509260356426239
0.5030329823493958
0.35951924324035645
0.5924072861671448
0.4068838953971863
-0.10939686000347137
-0.030791837722063065
-0.06479568779468536
-0.029516570270061493
-0.057079803198575974
0.018602807074785233
0.036056071519851685
0.0065373810939490795
0.05977548658847809
0.000659000244922936
0.32816797494888306
0.41825607419013977
0.3644694983959198
0.42502617835998535
0.39728108048439026
0.07259774208068848
0.0579167976975441
0.05665883421897888
0.09796430170536041
-0.05132043734192848
0.08253006637096405
0.05752584710717201
0.09142021089792252
0.7285621762275696
0.40892234444618225
0.5049319267272949
0.3181177079677582
0.46402373909950256
0.2855342626571655
0.4615180492401123
0.27049487829208374
0.4246627688407898
0.28700873255729675
0.55129075050354
0.1709088534116745
0.19916357100009918
0.260179728269577
0.23670503497123718
0.28951793909072876
0.35130786895751953
0.24441386759281158
0.22017812728881836
0.26465320587158203
0.21974550187587738
0.2225644290447235
0.19123543798923492
0.20051194727420807
0.15005922317504883
0.2477879673242569
0.22472472488880157
0.24093274772167206
0.18361349403858185
0.17989152669906616
0.8069722652435303
-0.2609139382839203
0.0946527048945427
0.6282864212989807
-0.19647707045078278
0.0946527048945427
0.5474385023117065
-0.09073225408792496
0.0946527048945427
0.6229988932609558
-0.260646253824234
0.0946527048945427
0.7172189950942993
-0.2609139382839203
0.0946527048945427
0.6326949596405029
-0.19647707045078278
0.2906886637210846
0.08261518180370331
0.0621081218123436
0.03881002962589264
0.07784466445446014
0.057159971445798874
0.33276546001434326
0.08611183613538742
0.11554435640573502
-0.260897696018219
-0.2513185441493988
0.01432884018868208
-0.021468715742230415
-0.025156786665320396
-0.04252070188522339
-0.028382567688822746
0.15321438014507294
0.10360077023506165
0.025578461587429047
0.582627534866333
0.5027525424957275
0.49494096636772156
0.6116959452629089
0.4693487286567688
0.7206054329872131
0.4973572790622711
0.37548816204071045
0.3593864440917969
0.43606922030448914
0.22997836768627167
0.4097106158733368
0.2736888825893402
0.2042505145072937
0.19201840460300446
0.19037549197673798
0.22497476637363434
0.18546123802661896
0.9549679756164551
0.6493921279907227
0.6137205958366394
0.6729105710983276
0.7284566164016724
0.30593255162239075
0.35869142413139343
0.313671737909317
0.12048226594924927
0.39438867568969727
0.27356666326522827
0.3175148665904999
0.32847699522972107
0.327676385641098
0.2997914254665375
0.2957155704498291
0.3280087113380432
0.30785834789276123
0.3833668529987335
0.3373402953147888
0.3108842372894287
0.27915722131729126
0.28543785214424133
0.5217286348342896
0.43335020542144775
0.4412970542907715
0.23313350975513458
0.18511761724948883
0.7478956580162048
0.39047810435295105
0.25483813881874084
0.10889572650194168
0.14952559769153595
0.4038717746734619
0.1782298982143402
0.2246473878622055
0.9329052567481995
0.3872770667076111
0.32594799995422363
-0.010167179629206657
0.04647964611649513
-0.0836644247174263
0.08266144245862961
0.13421249389648438
0.11783178150653839
0.14235571026802063
0.16345465183258057
0.13746723532676697
0.590864360332489
0.12445003539323807
0.15191614627838135
0.13764522969722748
0.4871276021003723
0.22682462632656097
0.3913952708244324
0.07674668729305267
0.3980732262134552
0.1423659473657608
0.055261723697185516
0.03512654826045036
0.05751878395676613
0.32090556621551514
0.05103331804275513
0.10343866795301437
0.03896436095237732
0.07918985933065414
0.04865124076604843
0.06326578557491302
0.8254599571228027
0.5382339954376221
0.5195775628089905
0.5600156188011169
0.22565177083015442
0.07443948090076447
0.09390611946582794
0.02094285748898983
0.03467909246683121
0.26948800683021545
-0.12503981590270996
-0.1458403468132019
-0.07847188413143158
-0.12072417885065079
-0.09974176436662674
-0.09346078336238861
-0.21730902791023254
0.24808180332183838
0.07186033576726913
-0.01743030920624733
-0.036271147429943085
-0.0749572142958641
-0.013167996890842915
0.008659178391098976
0.647982656955719
0.5165014863014221
0.4242933690547943
0.3913002908229828
0.42757248878479004
0.6117810606956482
0.4438995122909546
0.4173247814178467
0.429181843996048
0.462523877620697
-0.28390443325042725
-0.048941537737846375
1.0
0.1506468802690506
0.3843161463737488
0.11568773537874222
0.3781958520412445
0.1526418924331665
0.15442925691604614
0.07823102921247482
0.07680954784154892
0.14323578774929047
0.11051744222640991
0.035462405532598495
0.7461291551589966
0.17680560052394867
-0.17598696053028107
0.037842363119125366
-0.1602267622947693
0.06869848072528839
-0.26296088099479675
0.0832219123840332
-0.1684466004371643
0.014727206900715828
0.9240995049476624
0.5084500908851624
0.3115718364715576
0.4109156131744385
0.4419013261795044
0.26862064003944397
0.39809757471084595
0.31886041164398193
0.2105579823255539
0.5012639760971069
0.1733788698911667
0.1423998475074768
0.2683635354042053
0.18084752559661865
0.2670826315879822
0.18027576804161072
0.27595263719558716
0.17962099611759186
0.16669386625289917
0.2081395387649536
0.16470661759376526
0.14035680890083313
0.16382724046707153
0.21165455877780914
0.17110484838485718
0.5100301504135132
0.5238472819328308
0.3756672143936157
0.43073680996894836
0.38077428936958313
0.47792595624923706
0.5735710263252258
0.2708900570869446
0.3671867251396179
0.2501237690448761
0.3426162004470825
0.42208752036094666
0.09514854103326797
-0.0553235299885273
-0.11766544729471207
-0.10228630155324936
-0.13225457072257996
-0.15544812381267548
-0.05306152626872063
-0.09336613863706589
-0.09922897815704346
-0.13313782215118408
0.19449618458747864
0.18240179121494293
0.22571463882923126
0.3877347409725189
0.29730409383773804
0.3487774729728699
0.4783543646335602
0.32303017377853394
0.3058704137802124
0.2862328290939331
0.013158462010324001
0.08836394548416138
0.2654552459716797
0.07134436815977097
0.06909260898828506
0.1926162987947464
0.06905587762594223
0.48835766315460205
0.27285468578338623
0.3330193758010864
0.17928902804851532
0.24246864020824432
0.9556040167808533
0.5522573590278625
0.4343196451663971
0.5735614895820618
0.39861568808555603
0.24633294343948364
0.6033669710159302
0.3752748370170593
0.35571956634521484
0.29846036434173584
0.3558601140975952
0.12266410142183304
0.06636901944875717
0.013170115649700165
0.2781432867050171
0.2108161449432373
0.17980358004570007
0.4670860171318054
0.25377795100212097
0.16273526847362518
0.25886523723602295
0.1303093433380127
0.22196264564990997
0.1970643699169159
0.102281354367733
0.7001517415046692
0.6682626008987427
0.6605424880981445
0.1496237814426422
0.1654578000307083
0.31215810775756836
0.11355004459619522
0.15621201694011688
0.2800895869731903
0.13021151721477509
0.17998546361923218
0.0908668041229248
0.2057260274887085
0.6470608711242676
0.5919856429100037
0.429616242647171
0.6088999509811401
0.5442741513252258
0.47373640537261963
0.524041473865509
-0.19124002754688263
-0.23383313417434692
-0.24115487933158875
-0.20102402567863464
-0.24240154027938843
-0.00557748693972826
0.029416978359222412
0.03794478252530098
0.08299165219068527
0.09596258401870728
0.10530053824186325
0.8914192914962769
0.673422634601593
0.4176200330257416
0.3342183530330658
0.46083080768585205
0.41903266310691833
0.15876713395118713
0.11204487085342407
0.0712168738245964
0.10106824338436127
0.7067424058914185
0.4323083758354187
0.38760796189308167
0.33974146842956543
0.406170517206192
0.3202327787876129
0.32914623618125916
0.39018675684928894
0.2583104372024536
0.3672962188720703
0.2734367251396179
0.2532012462615967
0.2563630938529968
0.24507109820842743
0.25106990337371826
0.2561857998371124
0.2404482066631317
0.24966467916965485
0.4225219190120697
0.4585839807987213
0.47140729427337646
0.2798328399658203
0.322836309671402
0.09504541754722595
0.04111405462026596
0.08391905575990677
0.6173853874206543
0.14196546375751495
0.13864220678806305
0.09682005643844604
0.4206024706363678
0.1505575329065323
0.13204443454742432
