0.8877492547035217
0.6758676171302795
0.7818670272827148
0.6954843401908875
0.7322121262550354
0.6417839527130127
0.6052178740501404
0.6508552432060242
0.7376543283462524
0.7448592185974121
0.60781329870224
0.8527533411979675
0.44896844029426575
0.717971920967102
0.7929584383964539
0.8923237323760986
0.7017695307731628
0.811314046382904
0.5398949384689331
0.6514241695404053
0.6918870210647583
0.643553614616394
0.7631950378417969
0.8069157600402832
0.8394776582717896
0.6717002987861633
0.7858083248138428
0.6738337278366089
0.5384148359298706
0.7363215088844299
0.42767736315727234
0.5907050371170044
0.5971513390541077
0.7862900495529175
0.7755422592163086
0.537391722202301
0.533482551574707
0.3876178562641144
0.5478467345237732
0.6018402576446533
0.7885255813598633
0.7511581778526306
0.8272455334663391
0.8466644883155823
0.8143914937973022
0.507089376449585
0.7537475824356079
0.8856860399246216
0.7431280016899109
0.5666292905807495
0.6004872918128967
0.753184974193573
0.6990258097648621
0.552513062953949
0.4705265164375305
0.4410141706466675
0.6726884245872498
0.5768614411354065
0.69411301612854
0.7076249718666077
0.6409921646118164
0.6681358218193054
0.7000994682312012
0.5525088310241699
0.8213480710983276
0.7858164310455322
0.45588478446006775
0.40237191319465637
0.5871204733848572
0.5338554978370667
0.5533843040466309
0.5713040828704834
0.6343230605125427
0.6891613006591797
0.579405665397644
0.7503434419631958
0.6363646388053894
0.5291001796722412
0.6774847507476807
0.6711352467536926
0.7864599227905273
0.6822686791419983
0.5365861654281616
0.726553738117218
0.5426905751228333
0.7131063938140869
0.5192268490791321
0.5380765199661255
0.5205194354057312
0.6340980529785156
0.5985258221626282
0.7698076367378235
0.7028611898422241
0.5119997262954712
0.3150727450847626
0.7347033023834229
0.6079725623130798
0.6002824306488037
0.5186141133308411
0.6244338154792786
0.7798458933830261
0.5236064195632935
0.8171694874763489
0.7969290614128113
0.6472222805023193
0.8171027302742004
0.7944491505622864
0.7310876250267029
0.6759410500526428
0.7676970958709717
0.696679413318634
0.5724649429321289
0.41854390501976013
0.5470969676971436
0.5190975666046143
0.8554900288581848
0.5753605365753174
0.39681878685951233
0.8010129928588867
0.938453733921051
0.6263344883918762
0.6712009310722351
0.6740958094596863
0.623350977897644
0.5287032127380371
0.6979755163192749
0.6614832878112793
0.586772620677948
0.740669310092926
0.6933922171592712
0.6214146018028259
0.7838408350944519
0.5321285724639893
0.6126649975776672
0.5745041370391846
0.6120367646217346
0.8236139416694641
0.6425167322158813
0.6413558721542358
0.3952510952949524
0.8765568137168884
0.9903106689453125
0.5480275750160217
0.5606191754341125
0.6451647281646729
0.8163271546363831
0.7168400287628174
0.8076919913291931
0.844514787197113
0.4270000159740448
0.8245392441749573
0.8424547910690308
0.7711439728736877
0.677238941192627
0.7820047736167908
0.6883034706115723
0.7171992063522339
0.4752369821071625
0.5510492324829102
0.5465124845504761
0.6377102136611938
0.6497357487678528
0.4138079881668091
0.5059356093406677
0.6395113468170166
0.6550568342208862
0.476894736289978
0.7321552634239197
0.5183626413345337
0.6000723242759705
0.6123860478401184
0.6413244605064392
0.8509854078292847
0.8526265621185303
0.8642516136169434
0.7297230362892151
0.5230236649513245
0.37099945545196533
0.6733160018920898
0.8072883486747742
0.7138960957527161
0.5706747770309448
0.3759310245513916
0.8994734883308411
0.6582017540931702
0.7242172360420227
0.37321415543556213
0.6451736092567444
0.5548322796821594
0.47424954175949097
0.6747611165046692
0.6817286610603333
0.43193119764328003
0.5721654891967773
0.6948896050453186
0.46173030138015747
0.8168318271636963
0.7382462620735168
0.7772889733314514
0.9359798431396484
